   1.40092e+00   1.54638e-01  -1.23959e-01  -1.16975e-01   2.14395e-02   2.34238e-02  -5.89208e-02   3.92687e-02   1.06170e-01  -1.47162e-02  -4.37176e-02
  -1.00893e-01   1.58466e-01   2.46348e-01  -2.86550e-02  -2.24939e-01   2.62997e-02   1.93223e-01  -1.74988e-01  -2.47926e-01   1.20553e-01   1.36623e-01
  -2.40128e-03  -2.25452e-01  -1.00552e-01   2.16833e-01   3.13853e-02   1.08847e-01   5.05110e-01  -2.81975e-01  -7.95224e-01   1.14518e-01   3.42773e-01
   6.27343e-02   1.90501e-01  -2.32050e-01  -2.37181e-01   3.66311e-01   8.57778e-02  -1.02700e+00   2.46117e-01   1.39771e+00  -1.87375e-01  -6.23280e-01
  -9.06484e-02  -9.96615e-02   4.23102e-01   2.43977e-01  -3.11848e-01  -7.75490e-01   7.70985e-03   7.80591e-01   2.70056e-01  -3.03752e-01  -2.05378e-01
   9.79512e-03  -4.34963e-02   2.84554e-01  -2.53216e-01  -5.57177e-01  -7.76022e-01   2.01951e+00   1.60661e+00  -2.26472e+00  -7.94442e-01   7.62416e-01
   4.41703e-02   7.85887e-02  -5.65980e-01  -8.74859e-02   8.92841e-01   1.89781e+00  -2.76644e+00  -2.75074e+00   2.75232e+00   1.34593e+00  -6.86149e-01
   1.23203e-01   3.35024e-02  -1.09511e+00   7.33247e-01   1.05388e+00   1.63143e+00  -1.38406e+00  -3.84191e+00   6.90910e-01   1.94313e+00   1.00617e-01
  -1.58523e-01   3.03478e-02   1.19685e+00  -5.57371e-01  -1.54700e+00  -2.48868e+00   3.74683e+00   4.67373e+00  -3.33774e+00  -2.39266e+00   6.80864e-01
  -4.10980e-02  -1.73758e-01   7.58040e-01  -2.36066e-01  -6.52591e-01  -9.86901e-01   2.07710e-01   2.16066e+00   4.09320e-01  -1.07379e+00  -3.66206e-01
   6.81836e-02   9.49741e-02  -7.80917e-01   2.65356e-01   8.72583e-01   1.25501e+00  -1.40357e+00  -2.48054e+00   9.72879e-01   1.26406e+00  -7.12021e-02
 -1
% Fit parameters for relativistic free-free Gaunt factors integrated over frequency.
% Itoh et al., 2002, A&A, 382, 722
%comment: These are the coefficients a_ik tabulated in Table 1.
 -1
