 1  1 +8.655e+00 +5.432e-01 +0.000e+00 +1.018e+01 +5.342e-01 +0.000e+00 +0.000e+00 1.2
 1  2 +1.782e+01 +5.398e-01 +0.000e+00 +2.061e+01 +5.318e-01 +0.000e+00 +0.000e+00 0.9
 1  3 +2.733e+01 +5.385e-01 +0.000e+00 +3.143e+01 +5.309e-01 +0.000e+00 +0.000e+00 1.1
 1  4 +3.791e+01 +5.405e-01 +0.000e+00 +4.340e+01 +5.323e-01 +0.000e+00 +0.000e+00 1.2
 1  5 +4.665e+01 +5.375e-01 +0.000e+00 +5.311e+01 +5.301e-01 +0.000e+00 +0.000e+00 1.3
 1  6 +5.838e+01 +5.398e-01 +0.000e+00 +6.637e+01 +5.316e-01 +0.000e+00 +0.000e+00 1.0
 1  7 +6.859e+01 +5.393e-01 +0.000e+00 +7.775e+01 +5.313e-01 +0.000e+00 +0.000e+00 1.1
 1  8 +8.395e+01 +5.447e-01 +0.000e+00 +9.510e+01 +5.358e-01 +0.000e+00 +0.000e+00 1.1
 1  9 +8.928e+01 +5.385e-01 +0.000e+00 +1.009e+02 +5.304e-01 +0.000e+00 +0.000e+00 1.1
 1 10 +1.056e+02 +5.432e-01 +0.000e+00 +1.192e+02 +5.342e-01 +0.000e+00 +0.000e+00 1.2
 1 11 +1.126e+02 +5.399e-01 +0.000e+00 +1.267e+02 +5.318e-01 +0.000e+00 +0.000e+00 1.2
 1 12 +1.228e+02 +5.396e-01 +0.000e+00 +1.380e+02 +5.316e-01 +0.000e+00 +0.000e+00 1.0
 1 13 +1.339e+02 +5.391e-01 +0.000e+00 +1.503e+02 +5.310e-01 +0.000e+00 +0.000e+00 1.2
 1 14 +1.473e+02 +5.406e-01 +0.000e+00 +1.654e+02 +5.325e-01 +0.000e+00 +0.000e+00 1.1
 1 15 +1.562e+02 +5.394e-01 +0.000e+00 +1.749e+02 +5.315e-01 +0.000e+00 +0.000e+00 1.3
 1 16 +1.687e+02 +5.404e-01 +0.000e+00 +1.888e+02 +5.326e-01 +0.000e+00 +0.000e+00 1.2
 1 17 +1.850e+02 +5.421e-01 +0.000e+00 +2.065e+02 +5.335e-01 +0.000e+00 +0.000e+00 1.4
 1 18 +1.992e+02 +5.431e-01 +0.000e+00 +2.223e+02 +5.346e-01 +0.000e+00 +0.000e+00 1.1
 1 19 +2.024e+02 +5.400e-01 +0.000e+00 +2.258e+02 +5.322e-01 +0.000e+00 +0.000e+00 1.5
 1 20 +2.141e+02 +5.398e-01 +0.000e+00 +2.386e+02 +5.318e-01 +0.000e+00 +0.000e+00 0.9
 1 21 +2.259e+02 +5.398e-01 +0.000e+00 +2.515e+02 +5.317e-01 +0.000e+00 +0.000e+00 1.2
 1 22 +2.417e+02 +5.412e-01 +0.000e+00 +2.693e+02 +5.331e-01 +0.000e+00 +0.000e+00 1.0
 1 23 +2.559e+02 +5.420e-01 +0.000e+00 +2.842e+02 +5.334e-01 +0.000e+00 +0.000e+00 1.2
 1 24 +2.622e+02 +5.401e-01 +0.000e+00 +2.916e+02 +5.319e-01 +0.000e+00 +0.000e+00 1.2
 1 25 +2.753e+02 +5.403e-01 +0.000e+00 +3.056e+02 +5.320e-01 +0.000e+00 +0.000e+00 1.1
 1 26 +2.872e+02 +5.407e-01 +0.000e+00 +3.185e+02 +5.324e-01 +0.000e+00 +0.000e+00 1.1
 1 27 +3.011e+02 +5.411e-01 +0.000e+00 +3.344e+02 +5.331e-01 +0.000e+00 +0.000e+00 1.0
 1 28 +3.048e+02 +5.386e-01 +0.000e+00 +3.379e+02 +5.303e-01 +0.000e+00 +0.000e+00 1.1
 1 29 +3.309e+02 +5.425e-01 +0.000e+00 +3.664e+02 +5.340e-01 +0.000e+00 +0.000e+00 1.3
 1 30 +3.264e+02 +5.385e-01 +0.000e+00 +3.624e+02 +5.309e-01 +0.000e+00 +0.000e+00 1.1
 2  2 +2.354e+00 +3.367e-01 +0.000e+00 +6.280e+01 +8.875e-01 +2.133e+01 +5.675e-01 1.5
 2  3 +6.558e+01 +6.439e-01 +0.000e+00 +7.878e+01 +6.317e-01 +0.000e+00 +0.000e+00 1.3
 2  4 +5.861e+01 +5.890e-01 +0.000e+00 +6.985e+01 +5.771e-01 +0.000e+00 +0.000e+00 1.1
 2  5 +6.572e+01 +5.743e-01 +0.000e+00 +7.791e+01 +5.619e-01 +0.000e+00 +0.000e+00 1.3
 2  6 +6.693e+01 +5.558e-01 +0.000e+00 +7.871e+01 +5.442e-01 +0.000e+00 +0.000e+00 1.3
 2  7 +7.511e+01 +5.510e-01 +0.000e+00 +8.796e+01 +5.391e-01 +0.000e+00 +0.000e+00 1.2
 2  8 +7.923e+01 +5.423e-01 +0.000e+00 +9.240e+01 +5.310e-01 +0.000e+00 +0.000e+00 1.0
 2  9 +8.526e+01 +5.376e-01 +0.000e+00 +9.911e+01 +5.267e-01 +0.000e+00 +0.000e+00 2.0
 2 10 +9.240e+01 +5.349e-01 +0.000e+00 +1.073e+02 +5.241e-01 +0.000e+00 +0.000e+00 1.4
 2 11 +1.010e+02 +5.338e-01 +0.000e+00 +1.168e+02 +5.223e-01 +0.000e+00 +0.000e+00 1.1
 2 12 +1.099e+02 +5.334e-01 +0.000e+00 +1.268e+02 +5.220e-01 +0.000e+00 +0.000e+00 1.4
 2 13 +1.161e+02 +5.310e-01 +0.000e+00 +1.338e+02 +5.199e-01 +0.000e+00 +0.000e+00 1.3
 2 14 +1.206e+02 +5.278e-01 +0.000e+00 +1.389e+02 +5.173e-01 +0.000e+00 +0.000e+00 1.4
 2 15 +1.323e+02 +5.294e-01 +0.000e+00 +1.519e+02 +5.181e-01 +0.000e+00 +0.000e+00 1.3
 2 16 +1.327e+02 +5.244e-01 +0.000e+00 +1.520e+02 +5.142e-01 +0.000e+00 +0.000e+00 1.3
 2 17 +1.423e+02 +5.247e-01 +0.000e+00 +1.629e+02 +5.140e-01 +0.000e+00 +0.000e+00 0.9
 2 18 +1.492e+02 +5.238e-01 +0.000e+00 +1.704e+02 +5.133e-01 +0.000e+00 +0.000e+00 1.5
 2 19 +1.596e+02 +5.246e-01 +0.000e+00 +1.818e+02 +5.132e-01 +0.000e+00 +0.000e+00 1.4
 2 20 +1.603e+02 +5.210e-01 +0.000e+00 +1.826e+02 +5.109e-01 +0.000e+00 +0.000e+00 1.5
 2 21 +1.757e+02 +5.243e-01 +0.000e+00 +1.999e+02 +5.136e-01 +0.000e+00 +0.000e+00 1.4
 2 22 +1.681e+02 +5.173e-01 +0.000e+00 +1.912e+02 +5.078e-01 +0.000e+00 +0.000e+00 1.3
 2 23 +1.805e+02 +5.193e-01 +0.000e+00 +2.053e+02 +5.095e-01 +0.000e+00 +0.000e+00 1.3
 2 24 +1.837e+02 +5.174e-01 +0.000e+00 +2.090e+02 +5.082e-01 +0.000e+00 +0.000e+00 1.2
 2 25 +1.890e+02 +5.165e-01 +0.000e+00 +2.146e+02 +5.070e-01 +0.000e+00 +0.000e+00 1.4
 2 26 +2.094e+02 +5.212e-01 +0.000e+00 +2.374e+02 +5.109e-01 +0.000e+00 +0.000e+00 1.1
 2 27 +2.054e+02 +5.168e-01 +0.000e+00 +2.327e+02 +5.071e-01 +0.000e+00 +0.000e+00 1.4
 2 28 +2.081e+02 +5.150e-01 +0.000e+00 +2.358e+02 +5.056e-01 +0.000e+00 +0.000e+00 1.2
 2 29 +2.159e+02 +5.152e-01 +0.000e+00 +2.446e+02 +5.060e-01 +0.000e+00 +0.000e+00 1.2
 2 30 +2.202e+02 +5.140e-01 +0.000e+00 +2.492e+02 +5.050e-01 +0.000e+00 +0.000e+00 1.6
 3  3 +4.166e+00 +3.110e-01 +7.567e-03 +6.517e+01 +9.634e-01 +1.019e+01 +7.434e-01 1.9
 3  4 +4.974e+00 +3.534e-01 +5.399e-03 +5.009e+02 +8.454e-01 +7.625e+01 +5.437e-01 1.9
 3  5 +6.295e+02 +7.459e-01 +5.468e-03 +7.933e+02 +7.042e-01 +0.000e+00 +0.000e+00 1.7
 3  6 +2.722e+02 +6.190e-01 +6.008e-03 +3.345e+02 +5.827e-01 +0.000e+00 +0.000e+00 1.7
 3  7 +1.299e+02 +5.320e-01 +5.808e-03 +1.566e+02 +5.020e-01 +0.000e+00 +0.000e+00 2.0
 3  8 +1.088e+02 +4.976e-01 +6.072e-03 +1.295e+02 +4.727e-01 +0.000e+00 +0.000e+00 1.8
 3  9 +8.449e+01 +4.636e-01 +6.082e-03 +9.929e+01 +4.440e-01 +0.000e+00 +0.000e+00 2.0
 3 10 +5.835e+01 +4.350e-01 +5.388e-03 +6.811e+01 +4.202e-01 +0.000e+00 +0.000e+00 2.0
 3 11 +4.871e+01 +4.169e-01 +5.114e-03 +5.650e+01 +4.068e-01 +0.000e+00 +0.000e+00 1.8
 3 12 +8.656e-01 +8.007e-03 +5.203e-03 +1.723e-02 -4.031e-01 +0.000e+00 +0.000e+00 1.7
 3 13 +2.221e+01 +4.156e-01 +0.000e+00 +2.526e+01 +4.146e-01 +0.000e+00 +0.000e+00 2.8
 3 14 +2.328e+01 +4.152e-01 +0.000e+00 +2.647e+01 +4.150e-01 +0.000e+00 +0.000e+00 2.6
 3 15 +2.387e+01 +4.130e-01 +0.000e+00 +2.712e+01 +4.138e-01 +0.000e+00 +0.000e+00 2.7
 3 16 +2.474e+01 +4.122e-01 +0.000e+00 +2.814e+01 +4.141e-01 +0.000e+00 +0.000e+00 2.6
 3 17 +2.568e+01 +4.116e-01 +0.000e+00 +2.910e+01 +4.139e-01 +0.000e+00 +0.000e+00 3.0
 3 18 +2.761e+01 +4.141e-01 +0.000e+00 +3.136e+01 +4.160e-01 +0.000e+00 +0.000e+00 2.7
 3 19 +2.799e+01 +4.120e-01 +0.000e+00 +3.169e+01 +4.147e-01 +0.000e+00 +0.000e+00 2.9
 3 20 +2.948e+01 +4.130e-01 +0.000e+00 +3.346e+01 +4.156e-01 +0.000e+00 +0.000e+00 2.6
 3 21 +3.013e+01 +4.118e-01 +0.000e+00 +3.427e+01 +4.157e-01 +0.000e+00 +0.000e+00 2.7
 3 22 +3.057e+01 +4.101e-01 +0.000e+00 +3.470e+01 +4.140e-01 +0.000e+00 +0.000e+00 2.7
 3 23 +3.205e+01 +4.114e-01 +0.000e+00 +3.640e+01 +4.156e-01 +0.000e+00 +0.000e+00 2.9
 3 24 +3.181e+01 +4.081e-01 +0.000e+00 +3.609e+01 +4.130e-01 +0.000e+00 +0.000e+00 2.3
 3 25 +3.378e+01 +4.104e-01 +0.000e+00 +3.835e+01 +4.148e-01 +0.000e+00 +0.000e+00 2.6
 3 26 +3.583e+01 +4.129e-01 +0.000e+00 +4.066e+01 +4.168e-01 +0.000e+00 +0.000e+00 2.6
 3 27 +3.713e+01 +4.131e-01 +0.000e+00 +4.212e+01 +4.166e-01 +0.000e+00 +0.000e+00 2.7
 3 28 +3.536e+01 +4.074e-01 +0.000e+00 +4.018e+01 +4.133e-01 +0.000e+00 +0.000e+00 2.6
 3 29 +3.852e+01 +4.118e-01 +0.000e+00 +4.378e+01 +4.161e-01 +0.000e+00 +0.000e+00 2.6
 3 30 +3.952e+01 +4.117e-01 +0.000e+00 +4.498e+01 +4.160e-01 +0.000e+00 +0.000e+00 2.5
 4  4 +4.973e+00 +3.358e-01 +7.754e-03 +6.085e+02 +1.157e+00 +9.140e+01 +8.984e-01 2.7
 4  5 +7.823e+03 +1.034e+00 +7.344e-03 +9.685e+03 +9.813e-01 +0.000e+00 +0.000e+00 2.9
 4  6 +7.826e+00 +3.742e-01 +0.000e+00 +8.547e+00 +3.801e-01 +0.000e+00 +0.000e+00 3.5
 4  7 +8.709e+00 +3.795e-01 +0.000e+00 +9.495e+00 +3.872e-01 +0.000e+00 +0.000e+00 3.2
 4  8 +9.902e+00 +3.856e-01 +0.000e+00 +1.084e+01 +3.939e-01 +0.000e+00 +0.000e+00 2.9
 4  9 +1.098e+01 +3.891e-01 +0.000e+00 +1.207e+01 +3.973e-01 +0.000e+00 +0.000e+00 2.7
 4 10 +1.167e+01 +3.885e-01 +0.000e+00 +1.282e+01 +3.980e-01 +0.000e+00 +0.000e+00 2.6
 4 11 +1.246e+01 +3.892e-01 +0.000e+00 +1.370e+01 +4.003e-01 +0.000e+00 +0.000e+00 2.6
 4 12 +1.341e+01 +3.911e-01 +0.000e+00 +1.481e+01 +4.026e-01 +0.000e+00 +0.000e+00 2.4
 4 13 +1.435e+01 +3.919e-01 +0.000e+00 +1.587e+01 +4.032e-01 +0.000e+00 +0.000e+00 2.4
 4 14 +1.535e+01 +3.936e-01 +0.000e+00 +1.699e+01 +4.051e-01 +0.000e+00 +0.000e+00 2.2
 4 15 +1.610e+01 +3.938e-01 +0.000e+00 +1.785e+01 +4.060e-01 +0.000e+00 +0.000e+00 2.2
 4 16 +1.721e+01 +3.955e-01 +0.000e+00 +1.914e+01 +4.071e-01 +0.000e+00 +0.000e+00 2.4
 4 17 +1.783e+01 +3.953e-01 +0.000e+00 +1.985e+01 +4.080e-01 +0.000e+00 +0.000e+00 2.3
 4 18 +1.863e+01 +3.952e-01 +0.000e+00 +2.077e+01 +4.081e-01 +0.000e+00 +0.000e+00 2.3
 4 19 +1.977e+01 +3.972e-01 +0.000e+00 +2.213e+01 +4.099e-01 +0.000e+00 +0.000e+00 2.0
 4 20 +2.031e+01 +3.962e-01 +0.000e+00 +2.271e+01 +4.099e-01 +0.000e+00 +0.000e+00 2.2
 4 21 +2.116e+01 +3.966e-01 +0.000e+00 +2.371e+01 +4.098e-01 +0.000e+00 +0.000e+00 2.0
 4 22 +2.160e+01 +3.955e-01 +0.000e+00 +2.422e+01 +4.096e-01 +0.000e+00 +0.000e+00 2.2
 4 23 +2.342e+01 +3.994e-01 +0.000e+00 +2.634e+01 +4.121e-01 +0.000e+00 +0.000e+00 2.0
 4 24 +2.357e+01 +3.975e-01 +0.000e+00 +2.652e+01 +4.111e-01 +0.000e+00 +0.000e+00 2.0
 4 25 +2.458e+01 +3.985e-01 +0.000e+00 +2.772e+01 +4.126e-01 +0.000e+00 +0.000e+00 2.1
 4 26 +2.522e+01 +3.982e-01 +0.000e+00 +2.844e+01 +4.119e-01 +0.000e+00 +0.000e+00 2.3
 4 27 +2.624e+01 +3.991e-01 +0.000e+00 +2.966e+01 +4.131e-01 +0.000e+00 +0.000e+00 2.0
 4 28 +2.641e+01 +3.972e-01 +0.000e+00 +2.984e+01 +4.115e-01 +0.000e+00 +0.000e+00 1.9
 4 29 +2.826e+01 +4.006e-01 +0.000e+00 +3.205e+01 +4.144e-01 +0.000e+00 +0.000e+00 2.0
 4 30 +2.827e+01 +3.987e-01 +0.000e+00 +3.206e+01 +4.129e-01 +0.000e+00 +0.000e+00 1.9
 5  5 +3.560e+00 +3.415e-01 +0.000e+00 +3.398e+00 +3.565e-01 +0.000e+00 +0.000e+00 3.1
 5  6 +5.318e+00 +3.805e-01 +0.000e+00 +5.253e+00 +4.018e-01 +0.000e+00 +0.000e+00 2.4
 5  7 +6.714e+00 +3.937e-01 +0.000e+00 +6.845e+00 +4.142e-01 +0.000e+00 +0.000e+00 2.3
 5  8 +7.526e+00 +3.946e-01 +0.000e+00 +7.779e+00 +4.168e-01 +0.000e+00 +0.000e+00 2.1
 5  9 +8.632e+00 +3.996e-01 +0.000e+00 +9.047e+00 +4.213e-01 +0.000e+00 +0.000e+00 2.2
 5 10 +9.768e+00 +4.038e-01 +0.000e+00 +1.037e+01 +4.247e-01 +0.000e+00 +0.000e+00 2.3
 5 11 +1.097e+01 +4.081e-01 +0.000e+00 +1.178e+01 +4.280e-01 +0.000e+00 +0.000e+00 2.3
 5 12 +1.189e+01 +4.093e-01 +0.000e+00 +1.282e+01 +4.291e-01 +0.000e+00 +0.000e+00 2.1
 5 13 +1.277e+01 +4.103e-01 +0.000e+00 +1.387e+01 +4.314e-01 +0.000e+00 +0.000e+00 2.1
 5 14 +1.380e+01 +4.121e-01 +0.000e+00 +1.504e+01 +4.318e-01 +0.000e+00 +0.000e+00 2.3
 5 15 +1.489e+01 +4.143e-01 +0.000e+00 +1.633e+01 +4.346e-01 +0.000e+00 +0.000e+00 2.2
 5 16 +1.592e+01 +4.155e-01 +0.000e+00 +1.754e+01 +4.356e-01 +0.000e+00 +0.000e+00 2.3
 5 17 +1.676e+01 +4.157e-01 +0.000e+00 +1.854e+01 +4.356e-01 +0.000e+00 +0.000e+00 2.3
 5 18 +1.760e+01 +4.160e-01 +0.000e+00 +1.950e+01 +4.361e-01 +0.000e+00 +0.000e+00 2.3
 5 19 +1.815e+01 +4.150e-01 +0.000e+00 +2.013e+01 +4.357e-01 +0.000e+00 +0.000e+00 2.2
 5 20 +1.965e+01 +4.181e-01 +0.000e+00 +2.194e+01 +4.379e-01 +0.000e+00 +0.000e+00 2.1
 5 21 +2.010e+01 +4.167e-01 +0.000e+00 +2.244e+01 +4.374e-01 +0.000e+00 +0.000e+00 2.1
 5 22 +2.131e+01 +4.186e-01 +0.000e+00 +2.388e+01 +4.383e-01 +0.000e+00 +0.000e+00 2.0
 5 23 +2.186e+01 +4.176e-01 +0.000e+00 +2.454e+01 +4.385e-01 +0.000e+00 +0.000e+00 1.9
 5 24 +2.278e+01 +4.184e-01 +0.000e+00 +2.570e+01 +4.393e-01 +0.000e+00 +0.000e+00 2.1
 5 25 +2.346e+01 +4.181e-01 +0.000e+00 +2.649e+01 +4.392e-01 +0.000e+00 +0.000e+00 2.2
 5 26 +2.443e+01 +4.189e-01 +0.000e+00 +2.765e+01 +4.396e-01 +0.000e+00 +0.000e+00 2.2
 5 27 +2.522e+01 +4.190e-01 +0.000e+00 +2.860e+01 +4.398e-01 +0.000e+00 +0.000e+00 2.0
 5 28 +2.641e+01 +4.202e-01 +0.000e+00 +2.997e+01 +4.404e-01 +0.000e+00 +0.000e+00 2.2
 5 29 +2.776e+01 +4.218e-01 +0.000e+00 +3.153e+01 +4.413e-01 +0.000e+00 +0.000e+00 2.1
 5 30 +2.801e+01 +4.204e-01 +0.000e+00 +3.187e+01 +4.406e-01 +0.000e+00 +0.000e+00 2.1
 6  6 +1.188e+01 +5.145e-01 +0.000e+00 +1.251e+01 +5.186e-01 +0.000e+00 +0.000e+00 1.0
 6  7 +1.540e+00 +2.740e-01 +0.000e+00 +9.485e+00 +5.714e-01 +4.960e+00 +3.117e-01 2.2
 6  8 +1.013e+01 +4.308e-01 +0.000e+00 +1.064e+01 +4.470e-01 +0.000e+00 +0.000e+00 2.5
 6  9 +1.044e+01 +4.202e-01 +0.000e+00 +1.105e+01 +4.384e-01 +0.000e+00 +0.000e+00 2.4
 6 10 +1.148e+01 +4.194e-01 +0.000e+00 +1.230e+01 +4.363e-01 +0.000e+00 +0.000e+00 2.4
 6 11 +1.225e+01 +4.172e-01 +0.000e+00 +1.321e+01 +4.344e-01 +0.000e+00 +0.000e+00 2.1
 6 12 +1.295e+01 +4.155e-01 +0.000e+00 +1.404e+01 +4.327e-01 +0.000e+00 +0.000e+00 2.3
 6 13 +1.400e+01 +4.165e-01 +0.000e+00 +1.527e+01 +4.334e-01 +0.000e+00 +0.000e+00 2.4
 6 14 +1.497e+01 +4.170e-01 +0.000e+00 +1.642e+01 +4.336e-01 +0.000e+00 +0.000e+00 1.9
 6 15 +1.551e+01 +4.150e-01 +0.000e+00 +1.707e+01 +4.327e-01 +0.000e+00 +0.000e+00 2.2
 6 16 +1.663e+01 +4.167e-01 +0.000e+00 +1.836e+01 +4.337e-01 +0.000e+00 +0.000e+00 2.1
 6 17 +1.692e+01 +4.138e-01 +0.000e+00 +1.874e+01 +4.323e-01 +0.000e+00 +0.000e+00 2.1
 6 18 +1.772e+01 +4.138e-01 +0.000e+00 +1.967e+01 +4.322e-01 +0.000e+00 +0.000e+00 2.2
 6 19 +1.844e+01 +4.136e-01 +0.000e+00 +2.047e+01 +4.320e-01 +0.000e+00 +0.000e+00 2.0
 6 20 +1.937e+01 +4.145e-01 +0.000e+00 +2.159e+01 +4.331e-01 +0.000e+00 +0.000e+00 2.5
 6 21 +2.030e+01 +4.147e-01 +0.000e+00 +2.269e+01 +4.326e-01 +0.000e+00 +0.000e+00 2.0
 6 22 +2.083e+01 +4.140e-01 +0.000e+00 +2.339e+01 +4.334e-01 +0.000e+00 +0.000e+00 2.3
 6 23 +2.188e+01 +4.150e-01 +0.000e+00 +2.461e+01 +4.335e-01 +0.000e+00 +0.000e+00 2.1
 6 24 +2.271e+01 +4.153e-01 +0.000e+00 +2.554e+01 +4.337e-01 +0.000e+00 +0.000e+00 2.0
 6 25 +2.341e+01 +4.151e-01 +0.000e+00 +2.643e+01 +4.336e-01 +0.000e+00 +0.000e+00 2.3
 6 26 +2.475e+01 +4.168e-01 +0.000e+00 +2.797e+01 +4.343e-01 +0.000e+00 +0.000e+00 2.3
 6 27 +2.484e+01 +4.148e-01 +0.000e+00 +2.813e+01 +4.334e-01 +0.000e+00 +0.000e+00 2.0
 6 28 +2.620e+01 +4.169e-01 +0.000e+00 +2.973e+01 +4.349e-01 +0.000e+00 +0.000e+00 1.9
 6 29 +2.627e+01 +4.150e-01 +0.000e+00 +2.985e+01 +4.346e-01 +0.000e+00 +0.000e+00 2.0
 6 30 +2.778e+01 +4.170e-01 +0.000e+00 +3.159e+01 +4.351e-01 +0.000e+00 +0.000e+00 2.0
 7  7 +2.990e+00 +2.729e-01 +1.002e-02 +5.906e+00 +7.779e-01 +1.191e+00 +6.295e-01 1.8
 7  8 +1.696e+01 +7.779e-01 +0.000e+00 +2.090e+01 +7.619e-01 +1.367e-01 -4.821e-01 2.2
 7  9 +2.046e+00 +2.772e-01 +0.000e+00 +2.340e+01 +6.726e-01 +9.251e+00 +4.118e-01 2.1
 7 10 +1.898e+00 +2.707e-01 +0.000e+00 +2.335e+01 +6.081e-01 +9.934e+00 +3.531e-01 2.1
 7 11 +2.196e+00 +2.839e-01 +0.000e+00 +2.234e+01 +5.689e-01 +8.018e+00 +3.043e-01 2.3
 7 12 +1.631e+01 +4.352e-01 +0.000e+00 +1.796e+01 +4.477e-01 +0.000e+00 +0.000e+00 2.3
 7 13 +1.655e+01 +4.291e-01 +0.000e+00 +1.827e+01 +4.418e-01 +0.000e+00 +0.000e+00 2.2
 7 14 +1.687e+01 +4.248e-01 +0.000e+00 +1.867e+01 +4.383e-01 +0.000e+00 +0.000e+00 2.0
 7 15 +1.723e+01 +4.212e-01 +0.000e+00 +1.912e+01 +4.350e-01 +0.000e+00 +0.000e+00 2.0
 7 16 +1.790e+01 +4.194e-01 +0.000e+00 +1.990e+01 +4.332e-01 +0.000e+00 +0.000e+00 2.0
 7 17 +1.844e+01 +4.177e-01 +0.000e+00 +2.053e+01 +4.318e-01 +0.000e+00 +0.000e+00 1.9
 7 18 +1.928e+01 +4.175e-01 +0.000e+00 +2.155e+01 +4.316e-01 +0.000e+00 +0.000e+00 2.2
 7 19 +1.987e+01 +4.165e-01 +0.000e+00 +2.221e+01 +4.311e-01 +0.000e+00 +0.000e+00 2.0
 7 20 +2.071e+01 +4.166e-01 +0.000e+00 +2.326e+01 +4.316e-01 +0.000e+00 +0.000e+00 2.1
 7 21 +2.065e+01 +4.128e-01 +0.000e+00 +2.314e+01 +4.286e-01 +0.000e+00 +0.000e+00 2.2
 7 22 +2.179e+01 +4.143e-01 +0.000e+00 +2.451e+01 +4.293e-01 +0.000e+00 +0.000e+00 2.0
 7 23 +2.215e+01 +4.128e-01 +0.000e+00 +2.495e+01 +4.290e-01 +0.000e+00 +0.000e+00 2.1
 7 24 +2.281e+01 +4.124e-01 +0.000e+00 +2.572e+01 +4.284e-01 +0.000e+00 +0.000e+00 2.0
 7 25 +2.376e+01 +4.131e-01 +0.000e+00 +2.678e+01 +4.286e-01 +0.000e+00 +0.000e+00 2.1
 7 26 +2.466e+01 +4.135e-01 +0.000e+00 +2.788e+01 +4.286e-01 +0.000e+00 +0.000e+00 2.1
 7 27 +2.493e+01 +4.118e-01 +0.000e+00 +2.821e+01 +4.275e-01 +0.000e+00 +0.000e+00 1.9
 7 28 +2.579e+01 +4.125e-01 +0.000e+00 +2.927e+01 +4.286e-01 +0.000e+00 +0.000e+00 2.1
 7 29 +2.649e+01 +4.122e-01 +0.000e+00 +3.010e+01 +4.282e-01 +0.000e+00 +0.000e+00 2.0
 7 30 +2.731e+01 +4.125e-01 +0.000e+00 +3.105e+01 +4.283e-01 +0.000e+00 +0.000e+00 1.7
 8  8 +4.855e+00 +1.305e+00 +1.128e-02 +8.174e+00 +1.176e+00 +6.960e-01 -1.045e+00 2.4
 8  9 +2.847e+00 +2.210e-01 +9.208e-03 +1.539e+01 +9.573e-01 +3.815e+00 +8.231e-01 2.0
 8 10 +2.493e+00 +1.933e-01 +8.675e-03 +2.045e+01 +8.710e-01 +6.168e+00 +7.473e-01 1.8
 8 11 +2.344e+00 +1.778e-01 +8.546e-03 +2.701e+01 +8.294e-01 +8.991e+00 +7.100e-01 1.9
 8 12 +2.090e+00 +2.655e-01 +0.000e+00 +4.544e+01 +6.462e-01 +1.762e+01 +3.976e-01 2.3
 8 13 +2.218e+00 +2.734e-01 +0.000e+00 +3.814e+01 +5.924e-01 +1.380e+01 +3.379e-01 1.9
 8 14 +2.288e+01 +4.486e-01 +0.000e+00 +2.590e+01 +4.565e-01 +0.000e+00 +0.000e+00 2.4
 8 15 +2.210e+01 +4.391e-01 +0.000e+00 +2.497e+01 +4.469e-01 +0.000e+00 +0.000e+00 2.2
 8 16 +2.224e+01 +4.344e-01 +0.000e+00 +2.513e+01 +4.424e-01 +0.000e+00 +0.000e+00 2.0
 8 17 +2.201e+01 +4.281e-01 +0.000e+00 +2.488e+01 +4.362e-01 +0.000e+00 +0.000e+00 1.9
 8 18 +2.155e+01 +4.224e-01 +0.000e+00 +2.430e+01 +4.326e-01 +0.000e+00 +0.000e+00 2.0
 8 19 +2.206e+01 +4.206e-01 +0.000e+00 +2.490e+01 +4.309e-01 +0.000e+00 +0.000e+00 1.9
 8 20 +2.233e+01 +4.181e-01 +0.000e+00 +2.526e+01 +4.286e-01 +0.000e+00 +0.000e+00 1.9
 8 21 +2.308e+01 +4.173e-01 +0.000e+00 +2.611e+01 +4.273e-01 +0.000e+00 +0.000e+00 1.7
 8 22 +2.259e+01 +4.129e-01 +0.000e+00 +2.547e+01 +4.245e-01 +0.000e+00 +0.000e+00 2.3
 8 23 +2.394e+01 +4.145e-01 +0.000e+00 +2.714e+01 +4.251e-01 +0.000e+00 +0.000e+00 1.9
 8 24 +2.412e+01 +4.122e-01 +0.000e+00 +2.726e+01 +4.233e-01 +0.000e+00 +0.000e+00 1.9
 8 25 +2.439e+01 +4.107e-01 +0.000e+00 +2.764e+01 +4.226e-01 +0.000e+00 +0.000e+00 1.9
 8 26 +2.458e+01 +4.089e-01 +0.000e+00 +2.787e+01 +4.215e-01 +0.000e+00 +0.000e+00 2.0
 8 27 +2.545e+01 +4.093e-01 +0.000e+00 +2.886e+01 +4.213e-01 +0.000e+00 +0.000e+00 2.0
 8 28 +2.587e+01 +4.085e-01 +0.000e+00 +2.939e+01 +4.216e-01 +0.000e+00 +0.000e+00 1.9
 8 29 +2.601e+01 +4.067e-01 +0.000e+00 +2.953e+01 +4.198e-01 +0.000e+00 +0.000e+00 1.6
 8 30 +2.764e+01 +4.096e-01 +0.000e+00 +3.149e+01 +4.218e-01 +0.000e+00 +0.000e+00 1.9
 9  9 +3.591e+00 +2.396e-01 +1.274e-02 +1.356e+01 +1.456e+00 +2.136e+00 +1.361e+00 3.2
 9 10 +3.124e+00 +2.139e-01 +9.919e-03 +2.140e+01 +1.061e+00 +4.739e+00 +9.388e-01 2.2
 9 11 +2.790e+00 +1.939e-01 +8.660e-03 +3.266e+01 +9.718e-01 +8.746e+00 +8.469e-01 1.8
 9 12 +2.527e+00 +1.711e-01 +8.878e-03 +3.725e+01 +8.892e-01 +1.139e+01 +7.783e-01 1.9
 9 13 +2.576e+00 +2.711e-01 +0.000e+00 +7.552e+01 +7.044e-01 +2.353e+01 +4.523e-01 2.4
 9 14 +2.349e+00 +2.655e-01 +0.000e+00 +6.412e+01 +6.411e-01 +2.193e+01 +3.958e-01 2.3
 9 15 +3.259e+01 +4.692e-01 +0.000e+00 +3.774e+01 +4.710e-01 +0.000e+00 +0.000e+00 2.7
 9 16 +2.951e+01 +4.537e-01 +0.000e+00 +3.408e+01 +4.563e-01 +0.000e+00 +0.000e+00 2.3
 9 17 +2.862e+01 +4.457e-01 +0.000e+00 +3.298e+01 +4.480e-01 +0.000e+00 +0.000e+00 1.8
 9 18 +2.750e+01 +4.373e-01 +0.000e+00 +3.156e+01 +4.398e-01 +0.000e+00 +0.000e+00 1.7
 9 19 +2.771e+01 +4.340e-01 +0.000e+00 +3.183e+01 +4.366e-01 +0.000e+00 +0.000e+00 1.9
 9 20 +2.585e+01 +4.243e-01 +0.000e+00 +2.958e+01 +4.290e-01 +0.000e+00 +0.000e+00 1.9
 9 21 +2.645e+01 +4.229e-01 +0.000e+00 +3.026e+01 +4.269e-01 +0.000e+00 +0.000e+00 1.8
 9 22 +2.599e+01 +4.185e-01 +0.000e+00 +2.969e+01 +4.237e-01 +0.000e+00 +0.000e+00 1.8
 9 23 +2.576e+01 +4.149e-01 +0.000e+00 +2.939e+01 +4.210e-01 +0.000e+00 +0.000e+00 2.1
 9 24 +2.591e+01 +4.128e-01 +0.000e+00 +2.956e+01 +4.193e-01 +0.000e+00 +0.000e+00 1.9
 9 25 +2.614e+01 +4.106e-01 +0.000e+00 +2.974e+01 +4.170e-01 +0.000e+00 +0.000e+00 1.9
 9 26 +2.607e+01 +4.080e-01 +0.000e+00 +2.965e+01 +4.147e-01 +0.000e+00 +0.000e+00 1.6
 9 27 +2.627e+01 +4.067e-01 +0.000e+00 +2.991e+01 +4.143e-01 +0.000e+00 +0.000e+00 1.7
 9 28 +2.627e+01 +4.045e-01 +0.000e+00 +2.994e+01 +4.131e-01 +0.000e+00 +0.000e+00 1.7
 9 29 +2.678e+01 +4.040e-01 +0.000e+00 +3.055e+01 +4.128e-01 +0.000e+00 +0.000e+00 1.9
 9 30 +2.674e+01 +4.018e-01 +0.000e+00 +3.044e+01 +4.106e-01 +0.000e+00 +0.000e+00 1.8
10 10 +3.675e+00 +2.064e-01 +1.499e-02 +3.799e+01 +1.814e+00 +5.503e+00 +1.774e+00 4.2
10 11 +3.146e+00 +1.842e-01 +1.128e-02 +4.753e+01 +1.303e+00 +1.009e+01 +1.221e+00 2.4
10 12 +2.796e+00 +1.721e-01 +9.323e-03 +6.403e+01 +1.148e+00 +1.682e+01 +1.048e+00 2.1
10 13 +2.641e+00 +1.621e-01 +8.834e-03 +6.751e+01 +1.001e+00 +1.955e+01 +8.998e-01 2.1
10 14 +2.461e+00 +1.405e-01 +9.718e-03 +5.709e+01 +8.709e-01 +1.810e+01 +7.874e-01 2.0
10 15 +5.698e-02 -6.205e-01 +9.868e-03 +2.345e-02 -7.528e-01 +1.368e+01 +6.781e-01 2.2
10 16 +5.702e+01 +5.052e-01 +0.000e+00 +6.806e+01 +4.990e-01 +0.000e+00 +0.000e+00 2.9
10 17 +4.711e+01 +4.809e-01 +0.000e+00 +5.591e+01 +4.749e-01 +0.000e+00 +0.000e+00 2.4
10 18 +4.354e+01 +4.688e-01 +0.000e+00 +5.136e+01 +4.626e-01 +0.000e+00 +0.000e+00 2.0
10 19 +3.809e+01 +4.525e-01 +0.000e+00 +4.476e+01 +4.476e-01 +0.000e+00 +0.000e+00 1.9
10 20 +3.576e+01 +4.435e-01 +0.000e+00 +4.183e+01 +4.393e-01 +0.000e+00 +0.000e+00 1.9
10 21 +3.308e+01 +4.335e-01 +0.000e+00 +3.853e+01 +4.306e-01 +0.000e+00 +0.000e+00 1.9
10 22 +3.236e+01 +4.284e-01 +0.000e+00 +3.755e+01 +4.253e-01 +0.000e+00 +0.000e+00 1.9
10 23 +3.031e+01 +4.203e-01 +0.000e+00 +3.503e+01 +4.190e-01 +0.000e+00 +0.000e+00 1.9
10 24 +2.895e+01 +4.140e-01 +0.000e+00 +3.334e+01 +4.140e-01 +0.000e+00 +0.000e+00 2.0
10 25 +2.984e+01 +4.140e-01 +0.000e+00 +3.432e+01 +4.133e-01 +0.000e+00 +0.000e+00 1.9
10 26 +2.914e+01 +4.097e-01 +0.000e+00 +3.346e+01 +4.098e-01 +0.000e+00 +0.000e+00 2.0
10 27 +2.840e+01 +4.059e-01 +0.000e+00 +3.262e+01 +4.076e-01 +0.000e+00 +0.000e+00 2.2
10 28 +2.768e+01 +4.017e-01 +0.000e+00 +3.171e+01 +4.043e-01 +0.000e+00 +0.000e+00 2.1
10 29 +2.868e+01 +4.027e-01 +0.000e+00 +3.283e+01 +4.046e-01 +0.000e+00 +0.000e+00 2.1
10 30 +2.803e+01 +3.990e-01 +0.000e+00 +3.206e+01 +4.023e-01 +0.000e+00 +0.000e+00 2.3
